-2092056799
-1974083987
-1941943091
-1867465415
-1859945701
-1824046485
-1811711430
-1759331713
-1745116501
-1644951741
-1644301085
-1639443414
-1625226554
-1604979677
-1558126005
-1543734537
-1537242887
-1535806858
-1450838412
-1357146076
-1340750027
-1320844014
-1306284887
-1268552318
-1199740215
-1196458100
-1174947113
-1109500979
-1058198352
-1022758892
 -969494995
 -937383225
 -901987349
 -880639115
 -874318920
 -826155946
 -793502193
 -709820018
 -681226876
 -678423023
 -625941977
 -607578639
 -546104996
 -540457963
 -519149523
 -511059224
 -479636207
 -411076151
 -306428410
 -304583693
 -175439155
 -154986341
  -81993750
  -37263360
  -30779160
          0
    5073634
   19077853
   32022858
   44023835
   58934123
  126440238
  243610753
  254054555
  292966485
  340976161
  395630581
  404965323
  431115363
  548822177
  661870084
  696181295
  787554407
  811196686
  904482077
  940610684
  958042130
  960360172
 1063619350
 1098314201
 1155181908
 1192199571
 1202045061
 1243174545
 1271464350
 1283195238
 1425107330
 1476644606
 1540083614
 1562061891
 1616533737
 1626224725
 1777805109
 1877168898
 1888423697
 1890005433
 1915935849
 1919614932
 2087664466
 2115883467
 2137877254